10 5 3 4
2 5 2 3
91 13 7 62
10 1 3 5
20 100 2 20
2 14 7 1
81 81 42 30
57 85 82 82
48 30 44 32
28 88 2 74
24 16 73 84
53 60 33 50
30 66 53 13
11 33 80 70
45 28 18 93
83 36 43 91
97 99 100 95
98 100 99 98
96 98 97 99
98 96 96 99
97 97 100 100
97 100 96 97
100 99 98 96
97 99 98 97
99 98 96 96
98 99 99 97
96 2 5 18
90 5 4 78
96 1 2 79
97 3 7 88
95 9 6 88
90 4 9 58
94 3 2 100
97 5 4 31
90 9 5 44
96 7 1 56
8 97 90 60
3 96 91 48
2 95 96 79
4 90 100 52
3 92 97 67
7 96 91 2
8 90 92 97
2 98 91 77
7 97 90 13
4 95 91 10
1 100 100 1
0 0 0 0
